26,2665 26,2522 667,2522 667,2665 7
26,2499 26,2410 658,2410 658,2499 8
27,2387 27,2372 657,2372 657,2387 7
12,2349 12,1810 661,1810 661,2349 8
20,1787 20,1772 661,1772 661,1787 7
26,1749 26,1585 661,1585 661,1749 8
12,1562 12,1134 661,1134 661,1562 7
12,1112 12,1024 661,1024 661,1112 8
23,1078 23,1018 90,1018 90,1078 3
12,999 12,984 661,984 661,999 7
19,961 19,872 662,872 662,961 8
19,849 19,797 662,797 662,849 7
26,775 26,759 661,759 661,775 7
26,737 26,647 661,647 661,737 8
26,625 26,48 662,48 662,625 7
540,48 540,20 583,20 583,48 3
12,38 12,11 583,11 583,21 669,21 669,35 528,35 528,38 7
page_end
